mZd (GeV)	Epsilon		GammaZd (GeV)		ctau (mm)
0.7		1e-08		1.23000e-18		160430.894
0.7		2e-08		4.92000e-18		40107.724
0.7		3e-08		1.10700e-17		17825.655
0.7		4e-08		1.96800e-17		10026.931
0.7		5e-08		3.07500e-17		6417.236
0.7		6e-08		4.42800e-17		4456.414
0.7		7e-08		6.02700e-17		3274.100
0.7		8e-08		7.87200e-17		2506.733
0.7		9e-08		9.96300e-17		1980.628
0.7		1e-07		1.23000e-16		1604.309
0.7		2e-07		4.92000e-16		401.077
0.7		3e-07		1.10700e-15		178.257
0.7		4e-07		1.96800e-15		100.269
0.7		5e-07		3.07500e-15		64.172
0.7		6e-07		4.42800e-15		44.564
0.7		7e-07		6.02700e-15		32.741
0.7		8e-07		7.87200e-15		25.067
0.7		9e-07		9.96300e-15		19.806
0.7		1e-06		1.23000e-14		16.043
0.7		2e-06		4.92000e-14		4.011
0.7		3e-06		1.10700e-13		1.783
0.7		4e-06		1.96800e-13		1.003
0.7		5e-06		3.07500e-13		0.642
0.7		6e-06		4.42800e-13		0.446
0.7		7e-06		6.02700e-13		0.327
0.7		8e-06		7.87200e-13		0.251
0.7		9e-06		9.96300e-13		0.198
1		1e-08		8.56000e-19		230525.701
1		2e-08		3.42400e-18		57631.425
1		3e-08		7.70400e-18		25613.967
1		4e-08		1.36960e-17		14407.856
1		5e-08		2.14000e-17		9221.028
1		6e-08		3.08160e-17		6403.492
1		7e-08		4.19440e-17		4704.606
1		8e-08		5.47840e-17		3601.964
1		9e-08		6.93360e-17		2845.996
1		1e-07		8.56000e-17		2305.257
1		2e-07		3.42400e-16		576.314
1		3e-07		7.70400e-16		256.140
1		4e-07		1.36960e-15		144.079
1		5e-07		2.14000e-15		92.210
1		6e-07		3.08160e-15		64.035
1		7e-07		4.19440e-15		47.046
1		8e-07		5.47840e-15		36.020
1		9e-07		6.93360e-15		28.460
1		1e-06		8.56000e-15		23.053
1		2e-06		3.42400e-14		5.763
1		3e-06		7.70400e-14		2.561
1		4e-06		1.36960e-13		1.441
1		5e-06		2.14000e-13		0.922
1		6e-06		3.08160e-13		0.640
1		7e-06		4.19440e-13		0.470
1		8e-06		5.47840e-13		0.360
1		9e-06		6.93360e-13		0.285
2		1e-08		2.18000e-18		90518.349
2		2e-08		8.72000e-18		22629.587
2		3e-08		1.96200e-17		10057.594
2		4e-08		3.48800e-17		5657.397
2		5e-08		5.45000e-17		3620.734
2		6e-08		7.84800e-17		2514.399
2		7e-08		1.06820e-16		1847.313
2		8e-08		1.39520e-16		1414.349
2		9e-08		1.76580e-16		1117.510
2		1e-07		2.18000e-16		905.183
2		2e-07		8.72000e-16		226.296
2		3e-07		1.96200e-15		100.576
2		4e-07		3.48800e-15		56.574
2		5e-07		5.45000e-15		36.207
2		6e-07		7.84800e-15		25.144
2		7e-07		1.06820e-14		18.473
2		8e-07		1.39520e-14		14.143
2		9e-07		1.76580e-14		11.175
2		1e-06		2.18000e-14		9.052
2		2e-06		8.72000e-14		2.263
2		3e-06		1.96200e-13		1.006
2		4e-06		3.48800e-13		0.566
2		5e-06		5.45000e-13		0.362
2		6e-06		7.84800e-13		0.251
2		7e-06		1.06820e-12		0.185
2		8e-06		1.39520e-12		0.141
2		9e-06		1.76580e-12		0.112
3		1e-08		3.29000e-18		59978.723
3		2e-08		1.31600e-17		14994.681
3		3e-08		2.96100e-17		6664.303
3		4e-08		5.26400e-17		3748.670
3		5e-08		8.22500e-17		2399.149
3		6e-08		1.18440e-16		1666.076
3		7e-08		1.61210e-16		1224.056
3		8e-08		2.10560e-16		937.168
3		9e-08		2.66490e-16		740.478
3		1e-07		3.29000e-16		599.787
3		2e-07		1.31600e-15		149.947
3		3e-07		2.96100e-15		66.643
3		4e-07		5.26400e-15		37.487
3		5e-07		8.22500e-15		23.991
3		6e-07		1.18440e-14		16.661
3		7e-07		1.61210e-14		12.241
3		8e-07		2.10560e-14		9.372
3		9e-07		2.66490e-14		7.405
3		1e-06		3.29000e-14		5.998
3		2e-06		1.31600e-13		1.499
3		3e-06		2.96100e-13		0.666
3		4e-06		5.26400e-13		0.375
3		5e-06		8.22500e-13		0.240
3		6e-06		1.18440e-12		0.167
3		7e-06		1.61210e-12		0.122
3		8e-06		2.10560e-12		0.094
3		9e-06		2.66490e-12		0.074
4		1e-08		6.06000e-18		32562.706
4		2e-08		2.42400e-17		8140.677
4		3e-08		5.45400e-17		3618.078
4		4e-08		9.69600e-17		2035.169
4		5e-08		1.51500e-16		1302.508
4		6e-08		2.18160e-16		904.520
4		7e-08		2.96940e-16		664.545
4		8e-08		3.87840e-16		508.792
4		9e-08		4.90860e-16		402.009
4		1e-07		6.06000e-16		325.627
4		2e-07		2.42400e-15		81.407
4		3e-07		5.45400e-15		36.181
4		4e-07		9.69600e-15		20.352
4		5e-07		1.51500e-14		13.025
4		6e-07		2.18160e-14		9.045
4		7e-07		2.96940e-14		6.645
4		8e-07		3.87840e-14		5.088
4		9e-07		4.90860e-14		4.020
4		1e-06		6.06000e-14		3.256
4		2e-06		2.42400e-13		0.814
4		3e-06		5.45400e-13		0.362
4		4e-06		9.69600e-13		0.204
4		5e-06		1.51500e-12		0.130
4		6e-06		2.18160e-12		0.090
4		7e-06		2.96940e-12		0.066
4		8e-06		3.87840e-12		0.051
4		9e-06		4.90860e-12		0.040
5		1e-08		8.28000e-18		23832.126
5		2e-08		3.31200e-17		5958.031
5		3e-08		7.45200e-17		2648.014
5		4e-08		1.32480e-16		1489.508
5		5e-08		2.07000e-16		953.285
5		6e-08		2.98080e-16		662.003
5		7e-08		4.05720e-16		486.370
5		8e-08		5.29920e-16		372.377
5		9e-08		6.70680e-16		294.224
5		1e-07		8.28000e-16		238.321
5		2e-07		3.31200e-15		59.580
5		3e-07		7.45200e-15		26.480
5		4e-07		1.32480e-14		14.895
5		5e-07		2.07000e-14		9.533
5		6e-07		2.98080e-14		6.620
5		7e-07		4.05720e-14		4.864
5		8e-07		5.29920e-14		3.724
5		9e-07		6.70680e-14		2.942
5		1e-06		8.28000e-14		2.383
5		2e-06		3.31200e-13		0.596
5		3e-06		7.45200e-13		0.265
5		4e-06		1.32480e-12		0.149
5		5e-06		2.07000e-12		0.095
5		6e-06		2.98080e-12		0.066
5		7e-06		4.05720e-12		0.049
5		8e-06		5.29920e-12		0.037
5		9e-06		6.70680e-12		0.029
6		1e-08		9.99000e-18		19752.753
6		2e-08		3.99600e-17		4938.188
6		3e-08		8.99100e-17		2194.750
6		4e-08		1.59840e-16		1234.547
6		5e-08		2.49750e-16		790.110
6		6e-08		3.59640e-16		548.688
6		7e-08		4.89510e-16		403.117
6		8e-08		6.39360e-16		308.637
6		9e-08		8.09190e-16		243.861
6		1e-07		9.99000e-16		197.528
6		2e-07		3.99600e-15		49.382
6		3e-07		8.99100e-15		21.948
6		4e-07		1.59840e-14		12.345
6		5e-07		2.49750e-14		7.901
6		6e-07		3.59640e-14		5.487
6		7e-07		4.89510e-14		4.031
6		8e-07		6.39360e-14		3.086
6		9e-07		8.09190e-14		2.439
6		1e-06		9.99000e-14		1.975
6		2e-06		3.99600e-13		0.494
6		3e-06		8.99100e-13		0.219
6		4e-06		1.59840e-12		0.123
6		5e-06		2.49750e-12		0.079
6		6e-06		3.59640e-12		0.055
6		7e-06		4.89510e-12		0.040
6		8e-06		6.39360e-12		0.031
6		9e-06		8.09190e-12		0.024
7		1e-08		1.22000e-17		16174.590
7		2e-08		4.88000e-17		4043.648
7		3e-08		1.09800e-16		1797.177
7		4e-08		1.95200e-16		1010.912
7		5e-08		3.05000e-16		646.984
7		6e-08		4.39200e-16		449.294
7		7e-08		5.97800e-16		330.094
7		8e-08		7.80800e-16		252.728
7		9e-08		9.88200e-16		199.686
7		1e-07		1.22000e-15		161.746
7		2e-07		4.88000e-15		40.436
7		3e-07		1.09800e-14		17.972
7		4e-07		1.95200e-14		10.109
7		5e-07		3.05000e-14		6.470
7		6e-07		4.39200e-14		4.493
7		7e-07		5.97800e-14		3.301
7		8e-07		7.80800e-14		2.527
7		9e-07		9.88200e-14		1.997
7		1e-06		1.22000e-13		1.617
7		2e-06		4.88000e-13		0.404
7		3e-06		1.09800e-12		0.180
7		4e-06		1.95200e-12		0.101
7		5e-06		3.05000e-12		0.065
7		6e-06		4.39200e-12		0.045
7		7e-06		5.97800e-12		0.033
7		8e-06		7.80800e-12		0.025
7		9e-06		9.88200e-12		0.020
8		1e-08		1.39000e-17		14196.403
8		2e-08		5.56000e-17		3549.101
8		3e-08		1.25100e-16		1577.378
8		4e-08		2.22400e-16		887.275
8		5e-08		3.47500e-16		567.856
8		6e-08		5.00400e-16		394.345
8		7e-08		6.81100e-16		289.723
8		8e-08		8.89600e-16		221.819
8		9e-08		1.12590e-15		175.264
8		1e-07		1.39000e-15		141.964
8		2e-07		5.56000e-15		35.491
8		3e-07		1.25100e-14		15.774
8		4e-07		2.22400e-14		8.873
8		5e-07		3.47500e-14		5.679
8		6e-07		5.00400e-14		3.943
8		7e-07		6.81100e-14		2.897
8		8e-07		8.89600e-14		2.218
8		9e-07		1.12590e-13		1.753
8		1e-06		1.39000e-13		1.420
8		2e-06		5.56000e-13		0.355
8		3e-06		1.25100e-12		0.158
8		4e-06		2.22400e-12		0.089
8		5e-06		3.47500e-12		0.057
8		6e-06		5.00400e-12		0.039
8		7e-06		6.81100e-12		0.029
8		8e-06		8.89600e-12		0.022
8		9e-06		1.12590e-11		0.018
9		1e-08		1.56000e-17		12649.359
9		2e-08		6.24000e-17		3162.340
9		3e-08		1.40400e-16		1405.484
9		4e-08		2.49600e-16		790.585
9		5e-08		3.90000e-16		505.974
9		6e-08		5.61600e-16		351.371
9		7e-08		7.64400e-16		258.150
9		8e-08		9.98400e-16		197.646
9		9e-08		1.26360e-15		156.165
9		1e-07		1.56000e-15		126.494
9		2e-07		6.24000e-15		31.623
9		3e-07		1.40400e-14		14.055
9		4e-07		2.49600e-14		7.906
9		5e-07		3.90000e-14		5.060
9		6e-07		5.61600e-14		3.514
9		7e-07		7.64400e-14		2.582
9		8e-07		9.98400e-14		1.976
9		9e-07		1.26360e-13		1.562
9		1e-06		1.56000e-13		1.265
9		2e-06		6.24000e-13		0.316
9		3e-06		1.40400e-12		0.141
9		4e-06		2.49600e-12		0.079
9		5e-06		3.90000e-12		0.051
9		6e-06		5.61600e-12		0.035
9		7e-06		7.64400e-12		0.026
9		8e-06		9.98400e-12		0.020
9		9e-06		1.26360e-11		0.016
